[gd_scene load_steps=10 format=2]

[ext_resource path="res://world/BaseLevel.tscn" type="PackedScene" id=1]
[ext_resource path="res://entities/Enemy.tscn" type="PackedScene" id=2]
[ext_resource path="res://textures/grid.png" type="Texture" id=3]
[ext_resource path="res://world/static/Obelisk1.tscn" type="PackedScene" id=4]
[ext_resource path="res://world/static/ButtonPlinth.tscn" type="PackedScene" id=5]
[ext_resource path="res://world/static/Obelisk2.tscn" type="PackedScene" id=6]
[ext_resource path="res://models/Terrain1.tscn" type="PackedScene" id=7]
[ext_resource path="res://world/static/palm1.tscn" type="PackedScene" id=8]

[sub_resource type="SpatialMaterial" id=1]
flags_world_triplanar = true
albedo_texture = ExtResource( 3 )

[node name="World" instance=ExtResource( 1 )]

[node name="PlayerSpawnPoint" parent="." index="0"]
transform = Transform( -4.37114e-08, 0, 1, 0, 1, 0, -1, 0, -4.37114e-08, 15, 2.80796, -4 )

[node name="CSGCombiner" parent="Statics" index="0"]
use_collision = true

[node name="CSGBox" parent="Statics/CSGCombiner" index="0"]
transform = Transform( 1, 0, 0, 0, 1, 0, 0, 0, 1, 0, 0, -2 )
width = 40.0
depth = 28.0

[node name="CSGBox2" type="CSGBox" parent="Statics/CSGCombiner" index="1"]
transform = Transform( 1, 0, 0, 0, 1, 0, 0, 0, 1, -1, 2, -2 )
operation = 2
width = 22.0
height = 4.0
depth = 18.0
material = SubResource( 1 )

[node name="CSGBox3" type="CSGBox" parent="Statics/CSGCombiner" index="2"]
transform = Transform( -4.37114e-08, 0, 1, 0, 1, 0, -1, 0, -4.37114e-08, 5, 0.13956, -2 )
operation = 2
width = 6.0
height = 6.0

[node name="Spatial" parent="Statics" index="1" instance=ExtResource( 4 )]
transform = Transform( 1, 0, 0, 0, 1, 0, 0, 0, 1, 10.9744, 1.09756, 7.03272 )

[node name="Spatial2" parent="Statics" index="2" instance=ExtResource( 4 )]
transform = Transform( 2, 0, 0, 0, 2, 0, 0, 0, 2, -14.053, 1.09756, 8.23885 )

[node name="ButtonPlinth" parent="Statics" index="3" instance=ExtResource( 5 )]
transform = Transform( 1, 0, -1.1921e-07, 0, 1, 0, 1.1921e-07, 0, 1, -9, 0, 0 )

[node name="Terrain1" parent="Statics" index="5" instance=ExtResource( 7 )]
transform = Transform( 20, 0, 0, 0, 20, 0, 0, 0, 20, -17.8867, -10.1877, 13.885 )

[node name="palm1" parent="Statics" index="6" instance=ExtResource( 8 )]
transform = Transform( 0.365364, 0, 0.930865, 0, 1, 0, -0.930865, 0, 0.365364, -80.4139, 0.543865, 1.97481 )

[node name="palm2" parent="Statics" index="7" instance=ExtResource( 8 )]
transform = Transform( 0.391725, 0, 0.697532, 0, 0.8, 0, -0.697532, 0, 0.391725, -76.7943, -1.57217, 0.11377 )

[node name="palm3" parent="Statics" index="8" instance=ExtResource( 8 )]
transform = Transform( -0.836736, 0, 0.547607, 0, 1, 0, -0.547607, 0, -0.836736, -81.6464, -1.91098, -2.71032 )

[node name="Obelisk2" parent="Statics" index="9" instance=ExtResource( 6 )]
transform = Transform( 0.997042, -0.0745544, -0.0186574, 0.0671807, 0.963387, -0.259561, 0.0373258, 0.25754, 0.965547, -70.5267, 6.79227, -55.4678 )

[node name="Enemy" parent="Entities" index="0" instance=ExtResource( 2 )]
transform = Transform( 1, 0, 0, 0, 1, 0, 0, 0, 1, 0, 2, 0 )
